waypoints:
- name: home
  x: 0.3911455026029267
  y: -1.1642032005247485
  theta: 3.008445307180972
- name: point_1
  x: -0.8136702111791349
  y: -0.9739144487296736
  theta: 2.6221653071809663
