waypoints:
- name: home
  x: -0.1933906177118246
  y: -0.9773358107112031
  theta: 1.504781718495329
- name: point_1
  x: -0.5031028512773781
  y: 1.4921665242099509
  theta: -0.9205532713235767
