waypoints:
- name: home
  x: 5.739370939062953
  y: -0.22049961029300238
  theta: -0.10681442769446232
- name: point_1
  x: 8.339089428839257
  y: -0.5273150003798184
  theta: -0.16096862497741474
